-100
.3000
.4000
.5000
1.000
2.000
3.000
4.000
5.000
10.000
15.000
20.000
25.000
30.000
35.000
40.000
45.000
50.000
55.000
60.000
66.402000
72.411000
78.834000
85.729000
93.071000
100.928000
109.333000
118.249000
127.745000
137.874000
148.625000
160.033000
172.097000
184.922000
198.428000
212.684000
227.751000
243.588000
260.219000
277.742000
296.17000
315.523000
335.738000
356.885000
378.968000
402.144000
426.354000
451.509000
477.734000
505.085000
533.608000
563.263000
594.07000
626.047000
659.269000
693.606000
729.251000
766.305000
804.607000
844.192000
885.172000
927.582000
971.487000
1016.86000
1063.71000
1112.2000
1162.33000
1213.91000
1267.07000
1322.12000
1378.92000
1437.29000
1497.54000
1560.05000
1624.34000
1690.47000
1759.06000
1829.74000
1902.73000
1978.02000
2055.77000
2136.17000
2218.88000
2304.47000
2393.11000
2484.75000
2579.56000
2677.6000
2779.68000
2885.71000
2995.94000
3110.27000
3229.67000
3354.66000
3485.57000
3622.6000
3767.000
3920.41000
4083.38000
4263.72000
6000.0
